------------  ------------  ------------  ------------  ------------  ------------  ------------  ------------
0.000000e+00  1.000000e+00  1.000000e+00  0.000000e+00  1.000000e+00  0.000000e+00  1.000000e+00  0.000000e+00
5.000000e-02  1.053945e+00  1.050000e+00  3.944748e-03  1.053750e+00  1.947476e-04  1.053945e+00  2.163261e-07
1.000000e-01  1.116620e+00  1.107500e+00  9.119603e-03  1.116167e+00  4.524150e-04  1.116619e+00  5.026700e-07
1.500000e-01  1.189437e+00  1.173625e+00  1.581240e-02  1.188649e+00  7.882487e-04  1.189437e+00  8.760286e-07
2.000000e-01  1.274040e+00  1.249669e+00  2.437085e-02  1.272819e+00  1.220779e-03  1.274038e+00  1.357066e-06
2.500000e-01  1.372333e+00  1.337119e+00  3.521428e-02  1.370561e+00  1.772483e-03  1.372331e+00  1.970857e-06
3.000000e-01  1.486534e+00  1.437687e+00  4.884745e-02  1.484064e+00  2.470576e-03  1.486532e+00  2.747770e-06
3.500000e-01  1.619217e+00  1.553340e+00  6.587708e-02  1.615869e+00  3.347958e-03  1.619213e+00  3.724528e-06
4.000000e-01  1.773372e+00  1.686341e+00  8.703135e-02  1.768928e+00  4.444337e-03  1.773367e+00  4.945466e-06
4.500000e-01  1.952475e+00  1.839292e+00  1.131831e-01  1.946668e+00  5.807571e-03  1.952469e+00  6.464037e-06
5.000000e-01  2.160563e+00  2.015186e+00  1.453771e-01  2.153068e+00  7.495266e-03  2.160555e+00  8.344597e-06
5.500000e-01  2.402327e+00  2.217464e+00  1.848628e-01  2.392750e+00  9.576676e-03  2.402316e+00  1.066454e-05
6.000000e-01  2.683216e+00  2.450083e+00  2.331325e-01  2.671081e+00  1.213496e-02  2.683202e+00  1.351683e-05
6.500000e-01  3.009563e+00  2.717596e+00  2.919667e-01  2.994293e+00  1.526988e-02  3.009546e+00  1.701300e-05
7.000000e-01  3.388723e+00  3.025235e+00  3.634880e-01  3.369622e+00  1.910097e-02  3.388702e+00  2.128676e-05
7.500000e-01  3.829245e+00  3.379021e+00  4.502247e-01  3.805474e+00  2.377134e-02  3.829219e+00  2.649823e-05
8.000000e-01  4.341059e+00  3.785874e+00  5.551852e-01  4.311607e+00  2.945218e-02  4.341026e+00  3.283898e-05
8.500000e-01  4.935701e+00  4.253755e+00  6.819466e-01  4.899353e+00  3.634808e-02  4.935661e+00  4.053803e-05
9.000000e-01  5.626577e+00  4.791818e+00  8.347594e-01  5.581874e+00  4.470336e-02  5.626527e+00  4.986896e-05
9.500000e-01  6.429261e+00  5.410591e+00  1.018670e+00  6.374451e+00  5.480957e-02  6.429199e+00  6.115830e-05
1.000000e+00  7.361846e+00  6.122179e+00  1.239667e+00  7.294831e+00  6.701437e-02  7.361771e+00  7.479557e-05
1.050000e+00  8.445355e+00  6.940506e+00  1.504849e+00  8.363623e+00  8.173204e-02  8.445264e+00  9.124503e-05
1.100000e+00  9.704213e+00  7.881582e+00  1.822631e+00  9.604757e+00  9.945598e-02  9.704102e+00  1.110597e-04
1.150000e+00  1.116680e+01  8.963819e+00  2.202978e+00  1.104602e+01  1.207734e-01  1.116666e+01  1.348981e-04
1.200000e+00  1.286608e+01  1.020839e+01  2.657686e+00  1.271970e+01  1.463827e-01  1.286591e+01  1.635435e-04
1.250000e+00  1.484036e+01  1.163965e+01  3.200710e+00  1.466325e+01  1.771143e-01  1.484016e+01  1.979275e-04
1.300000e+00  1.713415e+01  1.328560e+01  3.848551e+00  1.692019e+01  2.139549e-01  1.713391e+01  2.391572e-04
1.350000e+00  1.979915e+01  1.517844e+01  4.620714e+00  1.954108e+01  2.580761e-01  1.979886e+01  2.885480e-04
1.400000e+00  2.289544e+01  1.735520e+01  5.540240e+00  2.258457e+01  3.108689e-01  2.289510e+01  3.476613e-04
1.450000e+00  2.649282e+01  1.985848e+01  6.634336e+00  2.611884e+01  3.739835e-01  2.649240e+01  4.183505e-04
1.500000e+00  3.067238e+01  2.273726e+01  7.935120e+00  3.022300e+01  4.493771e-01  3.067187e+01  5.028143e-04
1.550000e+00  3.552833e+01  2.604785e+01  9.480483e+00  3.498896e+01  5.393698e-01  3.552772e+01  6.036596e-04
1.600000e+00  4.117014e+01  2.985502e+01  1.131512e+01  4.052343e+01  6.467109e-01  4.116942e+01  7.239765e-04
1.650000e+00  4.772499e+01  3.423328e+01  1.349171e+01  4.695033e+01  7.746569e-01  4.772412e+01  8.674261e-04
1.700000e+00  5.534064e+01  3.926827e+01  1.607237e+01  5.441357e+01  9.270638e-01  5.533960e+01  1.038345e-03
1.750000e+00  6.418876e+01  4.505851e+01  1.913025e+01  6.308026e+01  1.108496e+00  6.418751e+01  1.241866e-03
1.800000e+00  7.446881e+01  5.171728e+01  2.275152e+01  7.314445e+01  1.324353e+00  7.446732e+01  1.484066e-03
1.850000e+00  8.641252e+01  5.937488e+01  2.703764e+01  8.483150e+01  1.581023e+00  8.641075e+01  1.772134e-03
1.900000e+00  1.002891e+02  6.818111e+01  3.210803e+01  9.840307e+01  1.886060e+00  1.002870e+02  2.114572e-03
1.950000e+00  1.164115e+02  7.830827e+01  3.810319e+01  1.141631e+02  2.248390e+00  1.164089e+02  2.521433e-03
2.000000e+00  1.351429e+02  8.995452e+01  4.518842e+01  1.324644e+02  2.678566e+00  1.351399e+02  3.004602e-03
2.050000e+00  1.569058e+02  1.033477e+02  5.355810e+01  1.537167e+02  3.189052e+00  1.569022e+02  3.578119e-03
2.100000e+00  1.821906e+02  1.187498e+02  6.344079e+01  1.783961e+02  3.794568e+00  1.821864e+02  4.258575e-03
2.150000e+00  2.115674e+02  1.364623e+02  7.510511e+01  2.070549e+02  4.512496e+00  2.115624e+02  5.065560e-03
2.200000e+00  2.456984e+02  1.568317e+02  8.886672e+01  2.403350e+02  5.363354e+00  2.456924e+02  6.022208e-03
2.250000e+00  2.853529e+02  1.802564e+02  1.050965e+02  2.789816e+02  6.371352e+00  2.853458e+02  7.155824e-03
2.300000e+00  3.314249e+02  2.071949e+02  1.242300e+02  3.238598e+02  7.565059e+00  3.314164e+02  8.498632e-03
2.350000e+00  3.849529e+02  2.381741e+02  1.467788e+02  3.759747e+02  8.978168e+00  3.849428e+02  1.008865e-02
2.400000e+00  4.471436e+02  2.738002e+02  1.733434e+02  4.364932e+02  1.065041e+01  4.471316e+02  1.197073e-02
2.450000e+00  5.193988e+02  3.147703e+02  2.046286e+02  5.067702e+02  1.262864e+01  5.193846e+02  1.419775e-02
2.500000e+00  6.033475e+02  3.618858e+02  2.414617e+02  5.883794e+02  1.496808e+01  6.033306e+02  1.683207e-02
2.550000e+00  7.008819e+02  4.160687e+02  2.848132e+02  6.831481e+02  1.773379e+01  7.008619e+02  1.994719e-02
2.600000e+00  8.142007e+02  4.783790e+02  3.358217e+02  7.931982e+02  2.100246e+01  8.141770e+02  2.362974e-02
2.650000e+00  9.458583e+02  5.500358e+02  3.958225e+02  9.209939e+02  2.486441e+01  9.458303e+02  2.798179e-02
2.700000e+00  1.098823e+03  6.324412e+02  4.663815e+02  1.069397e+03  2.942602e+01  1.098790e+03  3.312359e-02
2.750000e+00  1.276542e+03  7.272074e+02  5.493345e+02  1.241729e+03  3.481255e+01  1.276503e+03  3.919678e-02
2.800000e+00  1.483022e+03  8.361885e+02  6.468337e+02  1.441851e+03  4.117150e+01  1.482976e+03  4.636815e-02
2.850000e+00  1.722918e+03  9.615168e+02  7.614014e+02  1.674242e+03  4.867646e+01  1.722863e+03  5.483409e-02
2.900000e+00  2.001637e+03  1.105644e+03  8.959931e+02  1.944106e+03  5.753175e+01  2.001573e+03  6.482579e-02
2.950000e+00  2.325463e+03  1.271391e+03  1.054072e+03  2.257485e+03  6.797780e+01  2.325386e+03  7.661537e-02
3.000000e+00  2.701695e+03  1.462000e+03  1.239695e+03  2.621397e+03  8.029746e+01  2.701604e+03  9.052305e-02
3.050000e+00  3.138813e+03  1.681200e+03  1.457614e+03  3.043990e+03  9.482348e+01  3.138707e+03  1.069256e-01
3.100000e+00  3.646673e+03  1.933279e+03  1.713394e+03  3.534726e+03  1.119472e+02  3.646547e+03  1.262664e-01
3.150000e+00  4.236722e+03  2.223171e+03  2.013550e+03  4.104593e+03  1.321288e+02  4.236573e+03  1.490667e-01
3.200000e+00  4.922261e+03  2.556547e+03  2.365713e+03  4.766351e+03  1.559095e+02  4.922085e+03  1.759398e-01
3.250000e+00  5.718743e+03  2.939929e+03  2.778814e+03  5.534818e+03  1.839253e+02  5.718535e+03  2.076068e-01
3.300000e+00  6.644123e+03  3.380818e+03  3.263305e+03  6.427199e+03  2.169240e+02  6.643879e+03  2.449154e-01
3.350000e+00  7.719262e+03  3.887841e+03  3.831421e+03  7.463478e+03  2.557844e+02  7.718973e+03  2.888624e-01
3.400000e+00  8.968395e+03  4.470917e+03  4.497478e+03  8.666856e+03  3.015392e+02  8.968055e+03  3.406193e-01
3.450000e+00  1.041968e+04  5.141455e+03  5.278226e+03  1.006428e+04  3.554017e+02  1.041928e+04  4.015628e-01
3.500000e+00  1.210583e+04  5.912573e+03  6.193261e+03  1.168704e+04  4.187975e+02  1.210536e+04  4.733109e-01
3.550000e+00  1.406486e+04  6.799359e+03  7.265506e+03  1.357146e+04  4.934009e+02  1.406431e+04  5.577644e-01
3.600000e+00  1.634093e+04  7.819163e+03  8.521770e+03  1.575975e+04  5.811787e+02  1.634028e+04  6.571568e-01
3.650000e+00  1.898535e+04  8.991938e+03  9.993411e+03  1.830091e+04  6.844405e+02  1.898457e+04  7.741114e-01
3.700000e+00  2.205772e+04  1.034063e+04  1.171709e+04  2.125182e+04  8.058982e+02  2.205681e+04  9.117092e-01
3.750000e+00  2.562731e+04  1.189162e+04  1.373568e+04  2.467857e+04  9.487359e+02  2.562623e+04  1.073569e+00
3.800000e+00  2.977457e+04  1.367527e+04  1.609931e+04  2.865788e+04  1.116692e+03  2.977331e+04  1.263940e+00
3.850000e+00  3.459301e+04  1.572646e+04  1.886656e+04  3.327886e+04  1.314154e+03  3.459152e+04  1.487810e+00
3.900000e+00  4.019124e+04  1.808532e+04  2.210591e+04  3.864497e+04  1.546271e+03  4.018949e+04  1.751037e+00
3.950000e+00  4.669545e+04  2.079802e+04  2.589743e+04  4.487636e+04  1.819088e+03  4.669339e+04  2.060497e+00
4.000000e+00  5.425226e+04  2.391763e+04  3.033464e+04  5.211257e+04  2.139697e+03  5.424984e+04  2.424258e+00
4.050000e+00  6.303203e+04  2.750517e+04  3.552686e+04  6.051561e+04  2.516420e+03  6.302918e+04  2.851793e+00
4.100000e+00  7.323266e+04  3.163085e+04  4.160182e+04  7.027364e+04  2.959018e+03  7.322931e+04  3.354215e+00
4.150000e+00  8.508411e+04  3.637537e+04  4.870873e+04  8.160516e+04  3.478945e+03  8.508016e+04  3.944566e+00
4.200000e+00  9.885352e+04  4.183158e+04  5.702194e+04  9.476389e+04  4.089634e+03  9.884888e+04  4.638146e+00
4.250000e+00  1.148513e+05  4.810622e+04  6.674508e+04  1.100445e+05  4.806842e+03  1.148458e+05  5.452907e+00
4.300000e+00  1.334381e+05  5.532205e+04  7.811602e+04  1.277890e+05  5.649046e+03  1.334317e+05  6.409907e+00
4.350000e+00  1.550328e+05  6.362026e+04  9.141255e+04  1.483949e+05  6.637914e+03  1.550253e+05  7.533843e+00
4.400000e+00  1.801223e+05  7.316319e+04  1.069591e+05  1.723235e+05  7.798854e+03  1.801135e+05  8.853684e+00
4.450000e+00  2.092722e+05  8.413757e+04  1.251346e+05  2.001105e+05  9.161654e+03  2.092618e+05  1.040340e+01
4.500000e+00  2.431395e+05  9.675811e+04  1.463813e+05  2.323782e+05  1.076124e+04  2.431272e+05  1.222284e+01
4.550000e+00  2.824876e+05  1.112717e+05  1.712159e+05  2.698491e+05  1.263854e+04  2.824733e+05  1.435869e+01
4.600000e+00  3.282037e+05  1.279624e+05  2.002413e+05  3.133622e+05  1.484154e+04  3.281868e+05  1.686574e+01
4.650000e+00  3.813182e+05  1.471566e+05  2.341616e+05  3.638917e+05  1.742649e+04  3.812984e+05  1.980818e+01
4.700000e+00  4.430284e+05  1.692300e+05  2.737984e+05  4.225691e+05  2.045930e+04  4.430052e+05  2.326127e+01
4.750000e+00  5.147255e+05  1.946144e+05  3.201110e+05  4.907083e+05  2.401719e+04  5.146982e+05  2.731325e+01
4.800000e+00  5.980256e+05  2.238065e+05  3.742191e+05  5.698349e+05  2.819069e+04  5.979935e+05  3.206749e+01
4.850000e+00  6.948065e+05  2.573774e+05  4.374291e+05  6.617207e+05  3.308583e+04  6.947689e+05  3.764519e+01
4.900000e+00  8.072499e+05  2.959839e+05  5.112660e+05  7.684230e+05  3.882686e+04  8.072057e+05  4.418836e+01
4.950000e+00  9.378904e+05  3.403814e+05  5.975091e+05  8.923311e+05  4.555931e+04  9.378386e+05  5.186341e+01
5.000000e+00  1.089673e+06  3.914385e+05  6.982346e+05  1.036219e+06  5.345371e+04  1.089612e+06  6.086533e+01
5.050000e+00  1.266019e+06  4.501542e+05  8.158653e+05  1.203310e+06  6.270975e+04  1.265948e+06  7.142256e+01
5.100000e+00  1.470905e+06  5.176772e+05  9.532275e+05  1.397343e+06  7.356136e+04  1.470821e+06  8.380274e+01
5.150000e+00  1.708947e+06  5.953287e+05  1.113619e+06  1.622665e+06  8.628250e+04  1.708849e+06  9.831943e+01
5.200000e+00  1.985513e+06  6.846279e+05  1.300885e+06  1.884319e+06  1.011940e+05  1.985398e+06  1.153399e+02
5.250000e+00  2.306837e+06  7.873219e+05  1.519515e+06  2.188166e+06  1.186715e+05  2.306702e+06  1.352943e+02
5.300000e+00  2.680162e+06  9.054201e+05  1.774742e+06  2.541007e+06  1.391551e+05  2.680004e+06  1.586866e+02
5.350000e+00  3.113904e+06  1.041233e+06  2.072671e+06  2.950745e+06  1.631597e+05  3.113718e+06  1.861067e+02
5.400000e+00  3.617841e+06  1.197418e+06  2.420423e+06  3.426552e+06  1.912885e+05  3.617622e+06  2.182459e+02
5.450000e+00  4.203331e+06  1.377030e+06  2.826301e+06  3.979084e+06  2.242474e+05  4.203075e+06  2.559133e+02
5.500000e+00  4.883574e+06  1.583585e+06  3.299989e+06  4.620711e+06  2.628631e+05  4.883274e+06  3.000566e+02
5.550000e+00  5.673903e+06  1.821123e+06  3.852781e+06  5.365800e+06  3.081030e+05  5.673551e+06  3.517851e+02
5.600000e+00  6.592135e+06  2.094291e+06  4.497844e+06  6.231035e+06  3.610995e+05  6.591722e+06  4.123980e+02
5.650000e+00  7.658968e+06  2.408434e+06  5.250534e+06  7.235790e+06  4.231782e+05  7.658485e+06  4.834160e+02
5.700000e+00  8.898451e+06  2.769699e+06  6.128752e+06  8.402561e+06  4.958904e+05  8.897884e+06  5.666195e+02
5.750000e+00  1.033853e+07  3.185154e+06  7.153371e+06  9.757473e+06  5.810516e+05  1.033786e+07  6.640925e+02
5.800000e+00  1.201165e+07  3.662927e+06  8.348725e+06  1.133087e+07  6.807864e+05  1.201087e+07  7.782744e+02
5.850000e+00  1.395555e+07  4.212366e+06  9.743183e+06  1.315797e+07  7.975809e+05  1.395464e+07  9.120207e+02
5.900000e+00  1.621403e+07  4.844221e+06  1.136981e+07  1.527969e+07  9.343442e+05  1.621297e+07  1.068673e+03
5.950000e+00  1.883802e+07  5.570854e+06  1.326717e+07  1.774354e+07  1.094480e+06  1.883677e+07  1.252143e+03
6.000000e+00  2.188666e+07  6.406482e+06  1.548017e+07  2.060469e+07  1.281971e+06  2.188519e+07  1.467007e+03
6.050000e+00  2.542867e+07  7.367455e+06  1.806121e+07  2.392719e+07  1.501476e+06  2.542695e+07  1.718622e+03
6.100000e+00  2.954390e+07  8.472573e+06  2.107132e+07  2.778545e+07  1.758446e+06  2.954188e+07  2.013256e+03
6.150000e+00  3.432511e+07  9.743458e+06  2.458165e+07  3.226585e+07  2.059256e+06  3.432275e+07  2.358241e+03
6.200000e+00  3.988009e+07  1.120498e+07  2.867511e+07  3.746872e+07  2.411365e+06  3.987733e+07  2.762160e+03
6.250000e+00  4.633405e+07  1.288572e+07  3.344833e+07  4.351056e+07  2.823497e+06  4.633082e+07  3.235052e+03
6.300000e+00  5.383249e+07  1.481858e+07  3.901391e+07  5.052663e+07  3.305856e+06  5.382870e+07  3.788662e+03
6.350000e+00  6.254443e+07  1.704137e+07  4.550306e+07  5.867405e+07  3.870377e+06  6.253999e+07  4.436731e+03
6.400000e+00  7.266626e+07  1.959757e+07  5.306868e+07  6.813524e+07  4.531016e+06  7.266106e+07  5.195333e+03
6.450000e+00  8.442615e+07  2.253721e+07  6.188894e+07  7.912205e+07  5.304098e+06  8.442006e+07  6.083271e+03
6.500000e+00  9.808919e+07  2.591779e+07  7.217140e+07  9.188048e+07  6.208709e+06  9.808207e+07  7.122539e+03
6.550000e+00  1.139634e+08  2.980546e+07  8.415792e+07  1.066962e+08  7.267171e+06  1.139550e+08  8.338863e+03
6.600000e+00  1.324066e+08  3.427628e+07  9.813028e+07  1.239010e+08  8.505584e+06  1.323968e+08  9.762331e+03
6.650000e+00  1.538345e+08  3.941772e+07  1.144167e+08  1.438800e+08  9.954467e+06  1.538230e+08  1.142813e+04
6.700000e+00  1.787302e+08  4.533038e+07  1.333998e+08  1.670807e+08  1.164950e+07  1.787168e+08  1.337742e+04
6.750000e+00  2.076548e+08  5.212994e+07  1.555249e+08  1.940224e+08  1.363241e+07  2.076392e+08  1.565833e+04
6.800000e+00  2.412605e+08  5.994943e+07  1.813110e+08  2.253085e+08  1.595195e+07  2.412421e+08  1.832714e+04
6.850000e+00  2.803047e+08  6.894184e+07  2.113628e+08  2.616395e+08  1.866516e+07  2.802832e+08  2.144966e+04
6.900000e+00  3.256676e+08  7.928312e+07  2.463845e+08  3.038289e+08  2.183868e+07  3.256425e+08  2.510285e+04
6.950000e+00  3.783717e+08  9.117558e+07  2.871962e+08  3.528213e+08  2.555044e+07  3.783424e+08  2.937668e+04
7.000000e+00  4.396052e+08  1.048519e+08  3.347533e+08  4.097137e+08  2.989151e+07  4.395709e+08  3.437637e+04
7.050000e+00  5.107484e+08  1.205797e+08  3.901687e+08  4.757801e+08  3.496835e+07  5.107082e+08  4.022492e+04
7.100000e+00  5.934050e+08  1.386667e+08  4.547383e+08  5.524996e+08  4.090540e+07  5.933579e+08  4.706612e+04
7.150000e+00  6.894383e+08  1.594667e+08  5.299716e+08  6.415902e+08  4.784808e+07  6.893832e+08  5.506811e+04
7.200000e+00  8.010130e+08  1.833867e+08  6.176263e+08  7.450466e+08  5.596639e+07  8.009486e+08  6.442741e+04
7.250000e+00  9.306443e+08  2.108947e+08  7.197496e+08  8.651854e+08  6.545895e+07  9.305689e+08  7.537377e+04
7.300000e+00  1.081254e+09  2.425289e+08  8.387256e+08  1.004696e+09  7.655793e+07  1.081166e+09  8.817575e+04
7.350000e+00  1.256238e+09  2.789082e+08  9.773302e+08  1.166704e+09  8.953461e+07  1.256135e+09  1.031473e+05
7.400000e+00  1.459541e+09  3.207444e+08  1.138796e+09  1.354835e+09  1.047060e+08  1.459420e+09  1.206552e+05
7.450000e+00  1.695744e+09  3.688561e+08  1.326888e+09  1.573302e+09  1.224426e+08  1.695603e+09  1.411285e+05
7.500000e+00  1.970174e+09  4.241845e+08  1.545990e+09  1.826997e+09  1.431772e+08  1.970009e+09  1.650683e+05
7.550000e+00  2.289016e+09  4.878122e+08  1.801203e+09  2.121600e+09  1.674156e+08  2.288823e+09  1.930605e+05
7.600000e+00  2.659457e+09  5.609840e+08  2.098473e+09  2.463708e+09  1.957487e+08  2.659231e+09  2.257897e+05
7.650000e+00  3.089848e+09  6.451316e+08  2.444716e+09  2.860981e+09  2.288669e+08  3.089584e+09  2.640560e+05
7.700000e+00  3.589891e+09  7.419013e+08  2.847990e+09  3.322314e+09  2.675769e+08  3.589582e+09  3.087944e+05
7.750000e+00  4.170858e+09  8.531866e+08  3.317672e+09  3.858037e+09  3.128211e+08  4.170497e+09  3.610975e+05
7.800000e+00  4.845846e+09  9.811645e+08  3.864682e+09  4.480146e+09  3.657003e+08  4.845424e+09  4.222420e+05
7.850000e+00  5.630070e+09  1.128339e+09  4.501731e+09  5.202569e+09  4.275006e+08  5.629576e+09  4.937198e+05
7.900000e+00  6.541208e+09  1.297590e+09  5.243618e+09  6.041484e+09  4.997244e+08  6.540631e+09  5.772740e+05
7.950000e+00  7.599800e+09  1.492229e+09  6.107571e+09  7.015673e+09  5.841266e+08  7.599125e+09  6.749414e+05
8.000000e+00  8.829707e+09  1.716063e+09  7.113644e+09  8.146950e+09  6.827571e+08  8.828918e+09  7.891017e+05
8.050000e+00  1.025866e+10  1.973472e+09  8.285184e+09  9.460646e+09  7.980104e+08  1.025773e+10  9.225352e+05
8.100000e+00  1.191886e+10  2.269493e+09  9.649365e+09  1.098618e+10  9.326831e+08  1.191778e+10  1.078490e+06
8.150000e+00  1.384774e+10  2.609917e+09  1.123782e+10  1.275770e+10  1.090042e+09  1.384648e+10  1.260761e+06
8.200000e+00  1.608878e+10  3.001405e+09  1.308737e+10  1.481487e+10  1.273901e+09  1.608730e+10  1.473781e+06
8.250000e+00  1.869249e+10  3.451615e+09  1.524088e+10  1.720377e+10  1.488718e+09  1.869077e+10  1.722730e+06
8.300000e+00  2.171758e+10  3.969358e+09  1.774822e+10  1.997788e+10  1.739694e+09  2.171556e+10  2.013657e+06
8.350000e+00  2.523222e+10  4.564761e+09  2.066746e+10  2.319931e+10  2.032909e+09  2.522987e+10  2.353628e+06
8.400000e+00  2.931566e+10  5.249476e+09  2.406619e+10  2.694020e+10  2.375457e+09  2.931291e+10  2.750899e+06
8.450000e+00  3.405994e+10  6.036897e+09  2.802304e+10  3.128431e+10  2.775627e+09  3.405672e+10  3.215113e+06
8.500000e+00  3.957200e+10  6.942432e+09  3.262957e+10  3.632891e+10  3.243096e+09  3.956825e+10  3.757530e+06
8.550000e+00  4.597611e+10  7.983796e+09  3.799231e+10  4.218694e+10  3.789165e+09  4.597172e+10  4.391306e+06
8.600000e+00  5.341662e+10  9.181366e+09  4.423525e+10  4.898959e+10  4.427029e+09  5.341149e+10  5.131804e+06
8.650000e+00  6.206125e+10  1.055857e+10  5.150268e+10  5.688916e+10  5.172095e+09  6.205526e+10  5.996969e+06
8.700000e+00  7.210489e+10  1.214236e+10  5.996253e+10  6.606254e+10  6.042354e+09  7.209788e+10  7.007756e+06
8.750000e+00  8.377393e+10  1.396371e+10  6.981022e+10  7.671512e+10  7.058811e+09  8.376574e+10  8.188641e+06
8.800000e+00  9.733142e+10  1.605827e+10  8.127316e+10  8.908543e+10  8.245988e+09  9.732185e+10  9.568206e+06
8.850000e+00  1.130830e+11  1.846701e+10  9.461597e+10  1.034505e+11  9.632519e+09  1.130718e+11  1.117983e+07
8.900000e+00  1.313837e+11  2.123706e+10  1.101466e+11  1.201318e+11  1.125183e+10  1.313706e+11  1.306249e+07
8.950000e+00  1.526461e+11  2.442262e+10  1.282234e+11  1.395031e+11  1.314295e+10  1.526308e+11  1.526170e+07
9.000000e+00  1.773494e+11  2.808601e+10  1.492634e+11  1.619980e+11  1.535143e+10  1.773316e+11  1.783062e+07
9.050000e+00  2.060506e+11  3.229891e+10  1.737517e+11  1.881202e+11  1.793046e+10  2.060298e+11  2.083131e+07
9.100000e+00  2.393967e+11  3.714375e+10  2.022529e+11  2.184545e+11  2.094214e+10  2.393723e+11  2.433624e+07
9.150000e+00  2.781392e+11  4.271531e+10  2.354239e+11  2.536803e+11  2.445892e+10  2.781108e+11  2.843003e+07
9.200000e+00  3.231517e+11  4.912260e+10  2.740291e+11  2.945863e+11  2.856542e+10  3.231185e+11  3.321147e+07
9.250000e+00  3.754487e+11  5.649099e+10  3.189577e+11  3.420883e+11  3.336040e+10  3.754099e+11  3.879592e+07
9.300000e+00  4.362092e+11  6.496464e+10  3.712445e+11  3.972501e+11  3.895911e+10  4.361639e+11  4.531806e+07
9.350000e+00  5.068027e+11  7.470934e+10  4.320934e+11  4.613066e+11  4.549612e+10  5.067498e+11  5.293513e+07
9.400000e+00  5.888208e+11  8.591574e+10  5.029050e+11  5.356923e+11  5.312847e+10  5.887590e+11  6.183072e+07
9.450000e+00  6.841122e+11  9.880310e+10  5.853091e+11  6.220727e+11  6.203945e+10  6.840399e+11  7.221914e+07
9.500000e+00  7.948249e+11  1.136236e+11  6.812014e+11  7.223819e+11  7.244300e+10  7.947406e+11  8.435059e+07
9.550000e+00  9.234548e+11  1.306671e+11  7.927877e+11  8.388660e+11  8.458880e+10  9.233563e+11  9.851718e+07
9.600000e+00  1.072901e+12  1.502672e+11  9.226343e+11  9.741332e+11  9.876826e+10  1.072786e+12  1.150599e+08
9.650000e+00  1.246534e+12  1.728072e+11  1.073726e+12  1.131212e+12  1.153215e+11  1.246399e+12  1.343767e+08
9.700000e+00  1.448265e+12  1.987283e+11  1.249537e+12  1.313620e+12  1.346453e+11  1.448109e+12  1.569324e+08
9.750000e+00  1.682644e+12  2.285376e+11  1.454107e+12  1.525441e+12  1.572031e+11  1.682461e+12  1.832692e+08
9.800000e+00  1.954954e+12  2.628182e+11  1.692136e+12  1.771419e+12  1.835351e+11  1.954740e+12  2.140203e+08
9.850000e+00  2.271332e+12  3.022409e+11  1.969091e+12  2.057060e+12  2.142723e+11  2.271082e+12  2.499247e+08
9.900000e+00  2.638912e+12  3.475771e+11  2.291335e+12  2.388761e+12  2.501507e+11  2.638620e+12  2.918449e+08
9.950000e+00  3.065978e+12  3.997136e+11  2.666264e+12  2.773949e+12  2.920293e+11  3.065637e+12  3.407878e+08
1.000000e+01  3.562158e+12  4.596707e+11  3.102488e+12  3.221248e+12  3.409103e+11  3.561760e+12  3.979285e+08
------------  ------------  ------------  ------------  ------------  ------------  ------------  ------------
