[[  0.00000000e+00   1.00000000e+00   1.00000000e+00   0.00000000e+00]
 [  5.00000000e-02   1.05375000e+00   1.05394475e+00   1.94747576e-04]
 [  1.00000000e-01   1.11616719e+00   1.11661960e+00   4.52415025e-04]
 [  1.50000000e-01   1.18864915e+00   1.18943740e+00   7.88248679e-04]
 [  2.00000000e-01   1.27281882e+00   1.27403960e+00   1.22077878e-03]
 [  2.50000000e-01   1.37056086e+00   1.37233334e+00   1.77248257e-03]
 [  3.00000000e-01   1.48406379e+00   1.48653437e+00   2.47057601e-03]
 [  3.50000000e-01   1.61586908e+00   1.61921704e+00   3.34795813e-03]
 [  4.00000000e-01   1.76892797e+00   1.77337231e+00   4.44433701e-03]
 [  4.50000000e-01   1.94666761e+00   1.95247518e+00   5.80757108e-03]
 [  5.00000000e-01   2.15306776e+00   2.16056302e+00   7.49526619e-03]
 [  5.50000000e-01   2.39274993e+00   2.40232661e+00   9.57667594e-03]
 [  6.00000000e-01   2.67108086e+00   2.68321582e+00   1.21349616e-02]
 [  6.50000000e-01   2.99429265e+00   3.00956253e+00   1.52698784e-02]
 [  7.00000000e-01   3.36962234e+00   3.38872330e+00   1.91009661e-02]
 [  7.50000000e-01   3.80547394e+00   3.82924528e+00   2.37713387e-02]
 [  8.00000000e-01   4.31160661e+00   4.34105879e+00   2.94521807e-02]
 [  8.50000000e-01   4.89935318e+00   4.93570126e+00   3.63480817e-02]
 [  9.00000000e-01   5.58187388e+00   5.62657724e+00   4.47033623e-02]
 [  9.50000000e-01   6.37445104e+00   6.42926061e+00   5.48095711e-02]
 [  1.00000000e+00   7.29483127e+00   7.36184564e+00   6.70143681e-02]
 [  1.05000000e+00   8.36362282e+00   8.44535486e+00   8.17320445e-02]
 [  1.10000000e+00   9.60475699e+00   9.70421297e+00   9.94559787e-02]
 [  1.15000000e+00   1.10460241e+01   1.11667974e+01   1.20773376e-01]
 [  1.20000000e+00   1.27196954e+01   1.28660781e+01   1.46382708e-01]
 [  1.25000000e+00   1.46632463e+01   1.48403607e+01   1.77114337e-01]
 [  1.30000000e+00   1.69201948e+01   1.71341497e+01   2.13954902e-01]
 [  1.35000000e+00   1.95410762e+01   1.97991523e+01   2.58076137e-01]
 [  1.40000000e+00   2.25845748e+01   2.28954437e+01   3.10868929e-01]
 [  1.45000000e+00   2.61188374e+01   2.64928210e+01   3.73983545e-01]
 [  1.50000000e+00   3.02230000e+01   3.06723771e+01   4.49377135e-01]
 [  1.55000000e+00   3.49889587e+01   3.55283285e+01   5.39369816e-01]
 [  1.60000000e+00   4.05234283e+01   4.11701392e+01   6.46710871e-01]
 [  1.65000000e+00   4.69503311e+01   4.77249880e+01   7.74656859e-01]
 [  1.70000000e+00   5.44135720e+01   5.53406358e+01   9.27063759e-01]
 [  1.75000000e+00   6.30802605e+01   6.41887562e+01   1.10849566e+00]
 [  1.80000000e+00   7.31444525e+01   7.44688054e+01   1.32435290e+00]
 [  1.85000000e+00   8.48314955e+01   8.64125186e+01   1.58102317e+00]
 [  1.90000000e+00   9.84030741e+01   1.00289134e+02   1.88605955e+00]
 [  1.95000000e+00   1.14163070e+02   1.16411460e+02   2.24839035e+00]
 [  2.00000000e+00   1.32464365e+02   1.35142931e+02   2.67856635e+00]
 [  2.05000000e+00   1.53716744e+02   1.56905796e+02   3.18905196e+00]
 [  2.10000000e+00   1.78396069e+02   1.82190637e+02   3.79456816e+00]
 [  2.15000000e+00   2.07054935e+02   2.11567431e+02   4.51249633e+00]
 [  2.20000000e+00   2.40335043e+02   2.45698396e+02   5.36335360e+00]
 [  2.25000000e+00   2.78981568e+02   2.85352921e+02   6.37135238e+00]
 [  2.30000000e+00   3.23859846e+02   3.31424905e+02   7.56505882e+00]
 [  2.35000000e+00   3.75974747e+02   3.84952914e+02   8.97816766e+00]
 [  2.40000000e+00   4.36493174e+02   4.47143588e+02   1.06504136e+01]
 [  2.45000000e+00   5.06770199e+02   5.19398843e+02   1.26286437e+01]
 [  2.50000000e+00   5.88379393e+02   6.03347471e+02   1.49680780e+01]
 [  2.55000000e+00   6.83148071e+02   7.00881863e+02   1.77337925e+01]
 [  2.60000000e+00   7.93198197e+02   8.14200659e+02   2.10024622e+01]
 [  2.65000000e+00   9.20993906e+02   9.45858317e+02   2.48644105e+01]
 [  2.70000000e+00   1.06939667e+03   1.09882269e+03   2.94260181e+01]
 [  2.75000000e+00   1.24172939e+03   1.27654194e+03   3.48125531e+01]
 [  2.80000000e+00   1.44185075e+03   1.48302225e+03   4.11714982e+01]
 [  2.85000000e+00   1.67424168e+03   1.72291814e+03   4.86764577e+01]
 [  2.90000000e+00   1.94410566e+03   2.00163741e+03   5.75317494e+01]
 [  2.95000000e+00   2.25748519e+03   2.32546299e+03   6.79777967e+01]
 [  3.00000000e+00   2.62139718e+03   2.70169464e+03   8.02974617e+01]
 [  3.05000000e+00   3.04398998e+03   3.13881346e+03   9.48234834e+01]
 [  3.10000000e+00   3.53472586e+03   3.64667307e+03   1.11947209e+02]
 [  3.15000000e+00   4.10459290e+03   4.23672175e+03   1.32128850e+02]
 [  3.20000000e+00   4.76635101e+03   4.92226052e+03   1.55909511e+02]
 [  3.25000000e+00   5.53481761e+03   5.71874294e+03   1.83925325e+02]
 [  3.30000000e+00   6.42719945e+03   6.64412348e+03   2.16924028e+02]
 [  3.35000000e+00   7.46347786e+03   7.71926228e+03   2.55784419e+02]
 [  3.40000000e+00   8.66685617e+03   8.96839536e+03   3.01539190e+02]
 [  3.45000000e+00   1.00642792e+04   1.04196809e+04   3.55401715e+02]
 [  3.50000000e+00   1.16870367e+04   1.21058342e+04   4.18797475e+02]
 [  3.55000000e+00   1.35714639e+04   1.40648648e+04   4.93400924e+02]
 [  3.60000000e+00   1.57597550e+04   1.63409337e+04   5.81178728e+02]
 [  3.65000000e+00   1.83009080e+04   1.89853485e+04   6.84440481e+02]
 [  3.70000000e+00   2.12518219e+04   2.20577201e+04   8.05898170e+02]
 [  3.75000000e+00   2.46785707e+04   2.56273066e+04   9.48735923e+02]
 [  3.80000000e+00   2.86578827e+04   2.97745745e+04   1.11669177e+03]
 [  3.85000000e+00   3.32788588e+04   3.45930123e+04   1.31415351e+03]
 [  3.90000000e+00   3.86449672e+04   4.01912383e+04   1.54627109e+03]
 [  3.95000000e+00   4.48763607e+04   4.66954491e+04   1.81908835e+03]
 [  4.00000000e+00   5.21125664e+04   5.42522638e+04   2.13969743e+03]
 [  4.05000000e+00   6.05156102e+04   6.30320299e+04   2.51641974e+03]
 [  4.10000000e+00   7.02736449e+04   7.32326629e+04   2.95901804e+03]
 [  4.15000000e+00   8.16051626e+04   8.50841075e+04   3.47894496e+03]
 [  4.20000000e+00   9.47638875e+04   9.88535218e+04   4.08963422e+03]
 [  4.25000000e+00   1.10044457e+05   1.14851299e+05   4.80684180e+03]
 [  4.30000000e+00   1.27789018e+05   1.33438064e+05   5.64904568e+03]
 [  4.35000000e+00   1.48394890e+05   1.55032804e+05   6.63791413e+03]
 [  4.40000000e+00   1.72323458e+05   1.80122312e+05   7.79885418e+03]
 [  4.45000000e+00   2.00110508e+05   2.09272163e+05   9.16165418e+03]
 [  4.50000000e+00   2.32378220e+05   2.43139457e+05   1.07612363e+04]
 [  4.55000000e+00   2.69849101e+05   2.82487639e+05   1.26385377e+04]
 [  4.60000000e+00   3.13362161e+05   3.28203704e+05   1.48415428e+04]
 [  4.65000000e+00   3.63891702e+05   3.81318194e+05   1.74264919e+04]
 [  4.70000000e+00   4.22569131e+05   4.43028427e+05   2.04592957e+04]
 [  4.75000000e+00   4.90708296e+05   5.14725489e+05   2.40171928e+04]
 [  4.80000000e+00   5.69834901e+05   5.98025591e+05   2.81906894e+04]
 [  4.85000000e+00   6.61720672e+05   6.94806502e+05   3.30858298e+04]
 [  4.90000000e+00   7.68423023e+05   8.07249878e+05   3.88268551e+04]
 [  4.95000000e+00   8.92331128e+05   9.37890443e+05   4.55593150e+04]
 [  5.00000000e+00   1.03621941e+06   1.08967312e+06   5.34537098e+04]
 [  5.05000000e+00   1.20330969e+06   1.26601944e+06   6.27097537e+04]
 [  5.10000000e+00   1.39734327e+06   1.47090463e+06   7.35613638e+04]
 [  5.15000000e+00   1.62266476e+06   1.70894726e+06   8.62824986e+04]
 [  5.20000000e+00   1.88431935e+06   1.98551334e+06   1.01193991e+05]
 [  5.25000000e+00   2.18816573e+06   2.30683728e+06   1.18671544e+05]
 [  5.30000000e+00   2.54100735e+06   2.68016243e+06   1.39155082e+05]
 [  5.35000000e+00   2.95074468e+06   3.11390438e+06   1.63159705e+05]
 [  5.40000000e+00   3.42655215e+06   3.61784063e+06   1.91288483e+05]
 [  5.45000000e+00   3.97908358e+06   4.20333102e+06   2.24247447e+05]
 [  5.50000000e+00   4.62071070e+06   4.88357381e+06   2.62863113e+05]
 [  5.55000000e+00   5.36580019e+06   5.67390317e+06   3.08102982e+05]
 [  5.60000000e+00   6.23103536e+06   6.59213489e+06   3.61099524e+05]
 [  5.65000000e+00   7.23578971e+06   7.65896794e+06   4.23178229e+05]
 [  5.70000000e+00   8.40256069e+06   8.89845110e+06   4.95890414e+05]
 [  5.75000000e+00   9.75747349e+06   1.03385251e+07   5.81051599e+05]
 [  5.80000000e+00   1.13308660e+07   1.20116524e+07   6.80786377e+05]
 [  5.85000000e+00   1.31579680e+07   1.39555489e+07   7.97580900e+05]
 [  5.90000000e+00   1.52796903e+07   1.62140345e+07   9.34344248e+05]
 [  5.95000000e+00   1.77435402e+07   1.88380204e+07   1.09448019e+06]
 [  6.00000000e+00   2.06046860e+07   2.18866570e+07   1.28197110e+06]
 [  6.05000000e+00   2.39271915e+07   2.54286675e+07   1.50147605e+06]
 [  6.10000000e+00   2.77854510e+07   2.95438965e+07   1.75844558e+06]
 [  6.15000000e+00   3.22658548e+07   3.43251106e+07   2.05925574e+06]
 [  6.20000000e+00   3.74687238e+07   3.98800887e+07   2.41136492e+06]
 [  6.25000000e+00   4.35105554e+07   4.63340526e+07   2.82349717e+06]
 [  6.30000000e+00   5.05266324e+07   5.38324888e+07   3.30585642e+06]
 [  6.35000000e+00   5.86740517e+07   6.25444287e+07   3.87037701e+06]
 [  6.40000000e+00   6.81352425e+07   7.26662589e+07   4.53101643e+06]
 [  6.45000000e+00   7.91220502e+07   8.44261478e+07   5.30409756e+06]
 [  6.50000000e+00   9.18804807e+07   9.80891893e+07   6.20870865e+06]
 [  6.55000000e+00   1.06696208e+08   1.13963379e+08   7.26717082e+06]
 [  6.60000000e+00   1.23900972e+08   1.32406556e+08   8.50558439e+06]
 [  6.65000000e+00   1.43880003e+08   1.53834471e+08   9.95446743e+06]
 [  6.70000000e+00   1.67080653e+08   1.78730155e+08   1.16495020e+07]
 [  6.75000000e+00   1.94022409e+08   2.07654815e+08   1.36324060e+07]
 [  6.80000000e+00   2.25308522e+08   2.41260474e+08   1.59519522e+07]
 [  6.85000000e+00   2.61639521e+08   2.80304680e+08   1.86651592e+07]
 [  6.90000000e+00   3.03828894e+08   3.25667576e+08   2.18386821e+07]
 [  6.95000000e+00   3.52821303e+08   3.78371741e+08   2.55504385e+07]
 [  7.00000000e+00   4.09713738e+08   4.39605245e+08   2.98915077e+07]
 [  7.05000000e+00   4.75780078e+08   5.10748427e+08   3.49683494e+07]
 [  7.10000000e+00   5.52499615e+08   5.93405012e+08   4.09053968e+07]
 [  7.15000000e+00   6.41590178e+08   6.89438263e+08   4.78480847e+07]
 [  7.20000000e+00   7.45046594e+08   8.01012982e+08   5.59663876e+07]
 [  7.25000000e+00   8.65185358e+08   9.30644311e+08   6.54589536e+07]
 [  7.30000000e+00   1.00469650e+09   1.08125443e+09   7.65579320e+07]
 [  7.35000000e+00   1.16670381e+09   1.25623842e+09   8.95346136e+07]
 [  7.40000000e+00   1.35483480e+09   1.45954081e+09   1.04706018e+08]
 [  7.45000000e+00   1.57330191e+09   1.69574450e+09   1.22442590e+08]
 [  7.50000000e+00   1.82699684e+09   1.97017402e+09   1.43177184e+08]
 [  7.55000000e+00   2.12160008e+09   2.28901564e+09   1.67415564e+08]
 [  7.60000000e+00   2.46370809e+09   2.65945676e+09   1.95748665e+08]
 [  7.65000000e+00   2.86098102e+09   3.08984793e+09   2.28866906e+08]
 [  7.70000000e+00   3.32231421e+09   3.58989112e+09   2.67576915e+08]
 [  7.75000000e+00   3.85803738e+09   4.17085844e+09   3.12821061e+08]
 [  7.80000000e+00   4.48014590e+09   4.84584615e+09   3.65700250e+08]
 [  7.85000000e+00   5.20256943e+09   5.63006999e+09   4.27500566e+08]
 [  7.90000000e+00   6.04148375e+09   6.54120811e+09   4.99724360e+08]
 [  7.95000000e+00   7.01567300e+09   7.59979957e+09   5.84126566e+08]
 [  8.00000000e+00   8.14695027e+09   8.82970738e+09   6.82757102e+08]
 [  8.05000000e+00   9.46064601e+09   1.02586564e+10   7.98010378e+08]
 [  8.10000000e+00   1.09861752e+10   1.19188583e+10   9.32683096e+08]
 [  8.15000000e+00   1.27576959e+10   1.38477377e+10   1.09004175e+09]
 [  8.20000000e+00   1.48148744e+10   1.60887758e+10   1.27390142e+09]
 [  8.25000000e+00   1.72037729e+10   1.86924907e+10   1.48871778e+09]
 [  8.30000000e+00   1.99778813e+10   2.17175757e+10   1.73969447e+09]
 [  8.35000000e+00   2.31993146e+10   2.52322232e+10   2.03290854e+09]
 [  8.40000000e+00   2.69402041e+10   2.93156609e+10   2.37545679e+09]
 [  8.45000000e+00   3.12843120e+10   3.40599387e+10   2.77562666e+09]
 [  8.50000000e+00   3.63289073e+10   3.95720030e+10   3.24309573e+09]
 [  8.55000000e+00   4.21869436e+10   4.59761082e+10   3.78916457e+09]
 [  8.60000000e+00   4.89895883e+10   5.34166168e+10   4.42702856e+09]
 [  8.65000000e+00   5.68891594e+10   6.20612546e+10   5.17209519e+09]
 [  8.70000000e+00   6.60625363e+10   7.21048907e+10   6.04235437e+09]
 [  8.75000000e+00   7.67151203e+10   8.37739311e+10   7.05881077e+09]
 [  8.80000000e+00   8.90854335e+10   9.73314218e+10   8.24598832e+09]
 [  8.85000000e+00   1.03450460e+11   1.13082979e+11   9.63251911e+09]
 [  8.90000000e+00   1.20131846e+11   1.31383677e+11   1.12518307e+10]
 [  8.95000000e+00   1.39503106e+11   1.52646055e+11   1.31429484e+10]
 [  9.00000000e+00   1.61997982e+11   1.77349414e+11   1.53514312e+10]
 [  9.05000000e+00   1.88120157e+11   2.06050622e+11   1.79304645e+10]
 [  9.10000000e+00   2.18454532e+11   2.39396668e+11   2.09421355e+10]
 [  9.15000000e+00   2.53680326e+11   2.78139246e+11   2.44589206e+10]
 [  9.20000000e+00   2.94586278e+11   3.23151701e+11   2.85654224e+10]
 [  9.25000000e+00   3.42088316e+11   3.75448711e+11   3.33603958e+10]
 [  9.30000000e+00   3.97250056e+11   4.36209169e+11   3.89591128e+10]
 [  9.35000000e+00   4.61306628e+11   5.06802750e+11   4.54961218e+10]
 [  9.40000000e+00   5.35692322e+11   5.88820789e+11   5.31284673e+10]
 [  9.45000000e+00   6.22072709e+11   6.84112156e+11   6.20394469e+10]
 [  9.50000000e+00   7.22381933e+11   7.94824928e+11   7.24429953e+10]
 [  9.55000000e+00   8.38866020e+11   9.23454819e+11   8.45887989e+10]
 [  9.60000000e+00   9.74133165e+11   1.07290143e+12   9.87682645e+10]
 [  9.65000000e+00   1.13121214e+12   1.24653362e+12   1.15321482e+11]
 [  9.70000000e+00   1.31362010e+12   1.44826544e+12   1.34645349e+11]
 [  9.75000000e+00   1.52544134e+12   1.68264439e+12   1.57203050e+11]
 [  9.80000000e+00   1.77141875e+12   1.95495387e+12   1.83535115e+11]
 [  9.85000000e+00   2.05706003e+12   2.27133234e+12   2.14272320e+11]
 [  9.90000000e+00   2.38876095e+12   2.63891169e+12   2.50150741e+11]
 [  9.95000000e+00   2.77394866e+12   3.06597797e+12   2.92029313e+11]
 [  1.00000000e+01   3.22124788e+12   3.56215819e+12   3.40910315e+11]]
