[[  0.00000000e+00   1.00000000e+00   1.00000000e+00   0.00000000e+00]
 [  5.00000000e-02   1.05375000e+00   1.05394475e+00   1.94747576e-04]
 [  1.00000000e-01   1.11616719e+00   1.11661960e+00   4.52415025e-04]
 [  1.50000000e-01   1.18864915e+00   1.18943740e+00   7.88248679e-04]
 [  2.00000000e-01   1.27281882e+00   1.27403960e+00   1.22077878e-03]
 [  2.50000000e-01   1.37056086e+00   1.37233334e+00   1.77248257e-03]
 [  3.00000000e-01   1.48406379e+00   1.48653437e+00   2.47057601e-03]
 [  3.50000000e-01   1.61586908e+00   1.61921704e+00   3.34795813e-03]
 [  4.00000000e-01   1.76892797e+00   1.77337231e+00   4.44433701e-03]
 [  4.50000000e-01   1.94666761e+00   1.95247518e+00   5.80757108e-03]
 [  5.00000000e-01   2.15306776e+00   2.16056302e+00   7.49526619e-03]
 [  5.50000000e-01   2.39274993e+00   2.40232661e+00   9.57667594e-03]
 [  6.00000000e-01   2.67108086e+00   2.68321582e+00   1.21349616e-02]
 [  6.50000000e-01   2.99429265e+00   3.00956253e+00   1.52698784e-02]
 [  7.00000000e-01   3.36962234e+00   3.38872330e+00   1.91009661e-02]
 [  7.50000000e-01   3.80547394e+00   3.82924528e+00   2.37713387e-02]
 [  8.00000000e-01   4.31160661e+00   4.34105879e+00   2.94521807e-02]
 [  8.50000000e-01   4.89935318e+00   4.93570126e+00   3.63480817e-02]
 [  9.00000000e-01   5.58187388e+00   5.62657724e+00   4.47033623e-02]
 [  9.50000000e-01   6.37445104e+00   6.42926061e+00   5.48095711e-02]
 [  1.00000000e+00   7.29483127e+00   7.36184564e+00   6.70143681e-02]]
