[[  0.00000000e+00   1.00000000e+00   1.00000000e+00   0.00000000e+00]
 [  5.00000000e-02   1.05000000e+00   1.05394475e+00   3.94474758e-03]
 [  1.00000000e-01   1.10750000e+00   1.11661960e+00   9.11960253e-03]
 [  1.50000000e-01   1.17362500e+00   1.18943740e+00   1.58123952e-02]
 [  2.00000000e-01   1.24966875e+00   1.27403960e+00   2.43708501e-02]
 [  2.50000000e-01   1.33711906e+00   1.37233334e+00   3.52142764e-02]
 [  3.00000000e-01   1.43768692e+00   1.48653437e+00   4.88474485e-02]
 [  3.50000000e-01   1.55333996e+00   1.61921704e+00   6.58770792e-02]
 [  4.00000000e-01   1.68634095e+00   1.77337231e+00   8.70313534e-02]
 [  4.50000000e-01   1.83929210e+00   1.95247518e+00   1.13183080e-01]
 [  5.00000000e-01   2.01518591e+00   2.16056302e+00   1.45377112e-01]
 [  5.50000000e-01   2.21746380e+00   2.40232661e+00   1.84862810e-01]
 [  6.00000000e-01   2.45008337e+00   2.68321582e+00   2.33132453e-01]
 [  6.50000000e-01   2.71759587e+00   3.00956253e+00   2.91966653e-01]
 [  7.00000000e-01   3.02523525e+00   3.38872330e+00   3.63488049e-01]
 [  7.50000000e-01   3.37902054e+00   3.82924528e+00   4.50224736e-01]
 [  8.00000000e-01   3.78587362e+00   4.34105879e+00   5.55185169e-01]
 [  8.50000000e-01   4.25375467e+00   4.93570126e+00   6.81946593e-01]
 [  9.00000000e-01   4.79181787e+00   5.62657724e+00   8.34759373e-01]
 [  9.50000000e-01   5.41059055e+00   6.42926061e+00   1.01867006e+00]
 [  1.00000000e+00   6.12217913e+00   7.36184564e+00   1.23966651e+00]]
