[[  0.00000000e+00   1.00000000e+00   1.00000000e+00   0.00000000e+00]
 [  5.00000000e-02   1.05000000e+00   1.05394475e+00   3.94474758e-03]
 [  1.00000000e-01   1.10750000e+00   1.11661960e+00   9.11960253e-03]
 [  1.50000000e-01   1.17362500e+00   1.18943740e+00   1.58123952e-02]
 [  2.00000000e-01   1.24966875e+00   1.27403960e+00   2.43708501e-02]
 [  2.50000000e-01   1.33711906e+00   1.37233334e+00   3.52142764e-02]
 [  3.00000000e-01   1.43768692e+00   1.48653437e+00   4.88474485e-02]
 [  3.50000000e-01   1.55333996e+00   1.61921704e+00   6.58770792e-02]
 [  4.00000000e-01   1.68634095e+00   1.77337231e+00   8.70313534e-02]
 [  4.50000000e-01   1.83929210e+00   1.95247518e+00   1.13183080e-01]
 [  5.00000000e-01   2.01518591e+00   2.16056302e+00   1.45377112e-01]
 [  5.50000000e-01   2.21746380e+00   2.40232661e+00   1.84862810e-01]
 [  6.00000000e-01   2.45008337e+00   2.68321582e+00   2.33132453e-01]
 [  6.50000000e-01   2.71759587e+00   3.00956253e+00   2.91966653e-01]
 [  7.00000000e-01   3.02523525e+00   3.38872330e+00   3.63488049e-01]
 [  7.50000000e-01   3.37902054e+00   3.82924528e+00   4.50224736e-01]
 [  8.00000000e-01   3.78587362e+00   4.34105879e+00   5.55185169e-01]
 [  8.50000000e-01   4.25375467e+00   4.93570126e+00   6.81946593e-01]
 [  9.00000000e-01   4.79181787e+00   5.62657724e+00   8.34759373e-01]
 [  9.50000000e-01   5.41059055e+00   6.42926061e+00   1.01867006e+00]
 [  1.00000000e+00   6.12217913e+00   7.36184564e+00   1.23966651e+00]
 [  1.05000000e+00   6.94050600e+00   8.44535486e+00   1.50484886e+00]
 [  1.10000000e+00   7.88158190e+00   9.70421297e+00   1.82263107e+00]
 [  1.15000000e+00   8.96381919e+00   1.11667974e+01   2.20297825e+00]
 [  1.20000000e+00   1.02083921e+01   1.28660781e+01   2.65768608e+00]
 [  1.25000000e+00   1.16396509e+01   1.48403607e+01   3.20070979e+00]
 [  1.30000000e+00   1.32855985e+01   1.71341497e+01   3.84855120e+00]
 [  1.35000000e+00   1.51784383e+01   1.97991523e+01   4.62071407e+00]
 [  1.40000000e+00   1.73552040e+01   2.28954437e+01   5.54023966e+00]
 [  1.45000000e+00   1.98584846e+01   2.64928210e+01   6.63433635e+00]
 [  1.50000000e+00   2.27372573e+01   3.06723771e+01   7.93511978e+00]
 [  1.55000000e+00   2.60478459e+01   3.55283285e+01   9.48048261e+00]
 [  1.60000000e+00   2.98550228e+01   4.11701392e+01   1.13151164e+01]
 [  1.65000000e+00   3.42332762e+01   4.77249880e+01   1.34917117e+01]
 [  1.70000000e+00   3.92682677e+01   5.53406358e+01   1.60723681e+01]
 [  1.75000000e+00   4.50585078e+01   6.41887562e+01   1.91302483e+01]
 [  1.80000000e+00   5.17172840e+01   7.44688054e+01   2.27515214e+01]
 [  1.85000000e+00   5.93748766e+01   8.64125186e+01   2.70376421e+01]
 [  1.90000000e+00   6.81811081e+01   1.00289134e+02   3.21080256e+01]
 [  1.95000000e+00   7.83082743e+01   1.16411460e+02   3.81031859e+01]
 [  2.00000000e+00   8.99545154e+01   1.35142931e+02   4.51884158e+01]
 [  2.05000000e+00   1.03347693e+02   1.56905796e+02   5.35581029e+01]
 [  2.10000000e+00   1.18749847e+02   1.82190637e+02   6.34407901e+01]
 [  2.15000000e+00   1.36462324e+02   2.11567431e+02   7.51051073e+01]
 [  2.20000000e+00   1.56831672e+02   2.45698396e+02   8.88667242e+01]
 [  2.25000000e+00   1.80256423e+02   2.85352921e+02   1.05096498e+02]
 [  2.30000000e+00   2.07194886e+02   3.31424905e+02   1.24230019e+02]
 [  2.35000000e+00   2.38174119e+02   3.84952914e+02   1.46778795e+02]
 [  2.40000000e+00   2.73800237e+02   4.47143588e+02   1.73343351e+02]
 [  2.45000000e+00   3.14770273e+02   5.19398843e+02   2.04628570e+02]
 [  2.50000000e+00   3.61885814e+02   6.03347471e+02   2.41461658e+02]
 [  2.55000000e+00   4.16068686e+02   7.00881863e+02   2.84813177e+02]
 [  2.60000000e+00   4.78378989e+02   8.14200659e+02   3.35821670e+02]
 [  2.65000000e+00   5.50035837e+02   9.45858317e+02   3.95822480e+02]
 [  2.70000000e+00   6.32441213e+02   1.09882269e+03   4.66381479e+02]
 [  2.75000000e+00   7.27207395e+02   1.27654194e+03   5.49334546e+02]
 [  2.80000000e+00   8.36188504e+02   1.48302225e+03   6.46833745e+02]
 [  2.85000000e+00   9.61516779e+02   1.72291814e+03   7.61401363e+02]
 [  2.90000000e+00   1.10564430e+03   2.00163741e+03   8.95993109e+02]
 [  2.95000000e+00   1.27139094e+03   2.32546299e+03   1.05407205e+03]
 [  3.00000000e+00   1.46199958e+03   2.70169464e+03   1.23969506e+03]
 [  3.05000000e+00   1.68119952e+03   3.13881346e+03   1.45761394e+03]
 [  3.10000000e+00   1.93327945e+03   3.64667307e+03   1.71339362e+03]
 [  3.15000000e+00   2.22317136e+03   4.23672175e+03   2.01355039e+03]
 [  3.20000000e+00   2.55654707e+03   4.92226052e+03   2.36571345e+03]
 [  3.25000000e+00   2.93992913e+03   5.71874294e+03   2.77881381e+03]
 [  3.30000000e+00   3.38081850e+03   6.64412348e+03   3.26330498e+03]
 [  3.35000000e+00   3.88784127e+03   7.71926228e+03   3.83142101e+03]
 [  3.40000000e+00   4.47091746e+03   8.96839536e+03   4.49747789e+03]
 [  3.45000000e+00   5.14145508e+03   1.04196809e+04   5.27822586e+03]
 [  3.50000000e+00   5.91257335e+03   1.21058342e+04   6.19326088e+03]
 [  3.55000000e+00   6.79935935e+03   1.40648648e+04   7.26550550e+03]
 [  3.60000000e+00   7.81916325e+03   1.63409337e+04   8.52177046e+03]
 [  3.65000000e+00   8.99193774e+03   1.89853485e+04   9.99341072e+03]
 [  3.70000000e+00   1.03406284e+04   2.20577201e+04   1.17170917e+04]
 [  3.75000000e+00   1.18916227e+04   2.56273066e+04   1.37356839e+04]
 [  3.80000000e+00   1.36752661e+04   2.97745745e+04   1.60993084e+04]
 [  3.85000000e+00   1.57264560e+04   3.45930123e+04   1.88665563e+04]
 [  3.90000000e+00   1.80853244e+04   4.01912383e+04   2.21059140e+04]
 [  3.95000000e+00   2.07980230e+04   4.66954491e+04   2.58974260e+04]
 [  4.00000000e+00   2.39176265e+04   5.42522638e+04   3.03346373e+04]
 [  4.05000000e+00   2.75051704e+04   6.30320299e+04   3.55268595e+04]
 [  4.10000000e+00   3.16308460e+04   7.32326629e+04   4.16018169e+04]
 [  4.15000000e+00   3.63753729e+04   8.50841075e+04   4.87087346e+04]
 [  4.20000000e+00   4.18315788e+04   9.88535218e+04   5.70219429e+04]
 [  4.25000000e+00   4.81062157e+04   1.14851299e+05   6.67450830e+04]
 [  4.30000000e+00   5.53220480e+04   1.33438064e+05   7.81160158e+04]
 [  4.35000000e+00   6.36202552e+04   1.55032804e+05   9.14125487e+04]
 [  4.40000000e+00   7.31631935e+04   1.80122312e+05   1.06959119e+05]
 [  4.45000000e+00   8.41375725e+04   2.09272163e+05   1.25134590e+05]
 [  4.50000000e+00   9.67581084e+04   2.43139457e+05   1.46381348e+05]
 [  4.55000000e+00   1.11271725e+05   2.82487639e+05   1.71215914e+05]
 [  4.60000000e+00   1.27962383e+05   3.28203704e+05   2.00241320e+05]
 [  4.65000000e+00   1.47156641e+05   3.81318194e+05   2.34161553e+05]
 [  4.70000000e+00   1.69230037e+05   4.43028427e+05   2.73798390e+05]
 [  4.75000000e+00   1.94614443e+05   5.14725489e+05   3.20111046e+05]
 [  4.80000000e+00   2.23806509e+05   5.98025591e+05   3.74219082e+05]
 [  4.85000000e+00   2.57377385e+05   6.94806502e+05   4.37429116e+05]
 [  4.90000000e+00   2.95983893e+05   8.07249878e+05   5.11265985e+05]
 [  4.95000000e+00   3.40381377e+05   9.37890443e+05   5.97509066e+05]
 [  5.00000000e+00   3.91438484e+05   1.08967312e+06   6.98234641e+05]
 [  5.05000000e+00   4.50154156e+05   1.26601944e+06   8.15865285e+05]
 [  5.10000000e+00   5.17677180e+05   1.47090463e+06   9.53227451e+05]
 [  5.15000000e+00   5.95328656e+05   1.70894726e+06   1.11361860e+06]
 [  5.20000000e+00   6.84627855e+05   1.98551334e+06   1.30088548e+06]
 [  5.25000000e+00   7.87321933e+05   2.30683728e+06   1.51951534e+06]
 [  5.30000000e+00   9.05420123e+05   2.68016243e+06   1.77474231e+06]
 [  5.35000000e+00   1.04123304e+06   3.11390438e+06   2.07267134e+06]
 [  5.40000000e+00   1.19741790e+06   3.61784063e+06   2.42042274e+06]
 [  5.45000000e+00   1.37703048e+06   4.20333102e+06   2.82630054e+06]
 [  5.50000000e+00   1.58358495e+06   4.88357381e+06   3.29998885e+06]
 [  5.55000000e+00   1.82112260e+06   5.67390317e+06   3.85278057e+06]
 [  5.60000000e+00   2.09429089e+06   6.59213489e+06   4.49784400e+06]
 [  5.65000000e+00   2.40843442e+06   7.65896794e+06   5.25053351e+06]
 [  5.70000000e+00   2.76969948e+06   8.89845110e+06   6.12875162e+06]
 [  5.75000000e+00   3.18515431e+06   1.03385251e+07   7.15337078e+06]
 [  5.80000000e+00   3.66292735e+06   1.20116524e+07   8.34872501e+06]
 [  5.85000000e+00   4.21236636e+06   1.39555489e+07   9.74318256e+06]
 [  5.90000000e+00   4.84422121e+06   1.62140345e+07   1.13698133e+07]
 [  5.95000000e+00   5.57085429e+06   1.88380204e+07   1.32671661e+07]
 [  6.00000000e+00   6.40648233e+06   2.18866570e+07   1.54801747e+07]
 [  6.05000000e+00   7.36745458e+06   2.54286675e+07   1.80612129e+07]
 [  6.10000000e+00   8.47257267e+06   2.95438965e+07   2.10713239e+07]
 [  6.15000000e+00   9.74345847e+06   3.43251106e+07   2.45816521e+07]
 [  6.20000000e+00   1.12049771e+07   3.98800887e+07   2.86751116e+07]
 [  6.25000000e+00   1.28857236e+07   4.63340526e+07   3.34483290e+07]
 [  6.30000000e+00   1.48185821e+07   5.38324888e+07   3.90139067e+07]
 [  6.35000000e+00   1.70413693e+07   6.25444287e+07   4.55030595e+07]
 [  6.40000000e+00   1.95975746e+07   7.26662589e+07   5.30686843e+07]
 [  6.45000000e+00   2.25372106e+07   8.44261478e+07   6.18889371e+07]
 [  6.50000000e+00   2.59177921e+07   9.80891893e+07   7.21713972e+07]
 [  6.55000000e+00   2.98054609e+07   1.13963379e+08   8.41579181e+07]
 [  6.60000000e+00   3.42762799e+07   1.32406556e+08   9.81302761e+07]
 [  6.65000000e+00   3.94177218e+07   1.53834471e+08   1.14416749e+08]
 [  6.70000000e+00   4.53303799e+07   1.78730155e+08   1.33399776e+08]
 [  6.75000000e+00   5.21299368e+07   2.07654815e+08   1.55524878e+08]
 [  6.80000000e+00   5.99494272e+07   2.41260474e+08   1.81311047e+08]
 [  6.85000000e+00   6.89418412e+07   2.80304680e+08   2.11362839e+08]
 [  6.90000000e+00   7.92831173e+07   3.25667576e+08   2.46384459e+08]
 [  6.95000000e+00   9.11755848e+07   3.78371741e+08   2.87196157e+08]
 [  7.00000000e+00   1.04851922e+08   4.39605245e+08   3.34753323e+08]
 [  7.05000000e+00   1.20579711e+08   5.10748427e+08   3.90168717e+08]
 [  7.10000000e+00   1.38666667e+08   5.93405012e+08   4.54738345e+08]
 [  7.15000000e+00   1.59466667e+08   6.89438263e+08   5.29971596e+08]
 [  7.20000000e+00   1.83386667e+08   8.01012982e+08   6.17626315e+08]
 [  7.25000000e+00   2.10894667e+08   9.30644311e+08   7.19749644e+08]
 [  7.30000000e+00   2.42528867e+08   1.08125443e+09   8.38725561e+08]
 [  7.35000000e+00   2.78908197e+08   1.25623842e+09   9.77330223e+08]
 [  7.40000000e+00   3.20744427e+08   1.45954081e+09   1.13879639e+09]
 [  7.45000000e+00   3.68856090e+08   1.69574450e+09   1.32688841e+09]
 [  7.50000000e+00   4.24184504e+08   1.97017402e+09   1.54598952e+09]
 [  7.55000000e+00   4.87812179e+08   2.28901564e+09   1.80120346e+09]
 [  7.60000000e+00   5.60984006e+08   2.65945676e+09   2.09847275e+09]
 [  7.65000000e+00   6.45131607e+08   3.08984793e+09   2.44471632e+09]
 [  7.70000000e+00   7.41901348e+08   3.58989112e+09   2.84798978e+09]
 [  7.75000000e+00   8.53186550e+08   4.17085844e+09   3.31767189e+09]
 [  7.80000000e+00   9.81164532e+08   4.84584615e+09   3.86468162e+09]
 [  7.85000000e+00   1.12833921e+09   5.63006999e+09   4.50173078e+09]
 [  7.90000000e+00   1.29759009e+09   6.54120811e+09   5.24361801e+09]
 [  7.95000000e+00   1.49222861e+09   7.59979957e+09   6.10757096e+09]
 [  8.00000000e+00   1.71606290e+09   8.82970738e+09   7.11364448e+09]
 [  8.05000000e+00   1.97347233e+09   1.02586564e+10   8.28518405e+09]
 [  8.10000000e+00   2.26949318e+09   1.19188583e+10   9.64936509e+09]
 [  8.15000000e+00   2.60991716e+09   1.38477377e+10   1.12378205e+10]
 [  8.20000000e+00   3.00140474e+09   1.60887758e+10   1.30873711e+10]
 [  8.25000000e+00   3.45161545e+09   1.86924907e+10   1.52408752e+10]
 [  8.30000000e+00   3.96935776e+09   2.17175757e+10   1.77482180e+10]
 [  8.35000000e+00   4.56476143e+09   2.52322232e+10   2.06674617e+10]
 [  8.40000000e+00   5.24947564e+09   2.93156609e+10   2.40661852e+10]
 [  8.45000000e+00   6.03689699e+09   3.40599387e+10   2.80230417e+10]
 [  8.50000000e+00   6.94243153e+09   3.95720030e+10   3.26295715e+10]
 [  8.55000000e+00   7.98379626e+09   4.59761082e+10   3.79923119e+10]
 [  8.60000000e+00   9.18136570e+09   5.34166168e+10   4.42352511e+10]
 [  8.65000000e+00   1.05585706e+10   6.20612546e+10   5.15026840e+10]
 [  8.70000000e+00   1.21423561e+10   7.21048907e+10   5.99625346e+10]
 [  8.75000000e+00   1.39637096e+10   8.37739311e+10   6.98102215e+10]
 [  8.80000000e+00   1.60582660e+10   9.73314218e+10   8.12731558e+10]
 [  8.85000000e+00   1.84670059e+10   1.13082979e+11   9.46159728e+10]
 [  8.90000000e+00   2.12370568e+10   1.31383677e+11   1.10146620e+11]
 [  8.95000000e+00   2.44226153e+10   1.52646055e+11   1.28223440e+11]
 [  9.00000000e+00   2.80860076e+10   1.77349414e+11   1.49263406e+11]
 [  9.05000000e+00   3.22989087e+10   2.06050622e+11   1.73751713e+11]
 [  9.10000000e+00   3.71437450e+10   2.39396668e+11   2.02252923e+11]
 [  9.15000000e+00   4.27153068e+10   2.78139246e+11   2.35423940e+11]
 [  9.20000000e+00   4.91226028e+10   3.23151701e+11   2.74029098e+11]
 [  9.25000000e+00   5.64909932e+10   3.75448711e+11   3.18957718e+11]
 [  9.30000000e+00   6.49646422e+10   4.36209169e+11   3.71244527e+11]
 [  9.35000000e+00   7.47093386e+10   5.06802750e+11   4.32093411e+11]
 [  9.40000000e+00   8.59157393e+10   5.88820789e+11   5.02905050e+11]
 [  9.45000000e+00   9.88031002e+10   6.84112156e+11   5.85309055e+11]
 [  9.50000000e+00   1.13623565e+11   7.94824928e+11   6.81201363e+11]
 [  9.55000000e+00   1.30667100e+11   9.23454819e+11   7.92787719e+11]
 [  9.60000000e+00   1.50267165e+11   1.07290143e+12   9.22634265e+11]
 [  9.65000000e+00   1.72807240e+11   1.24653362e+12   1.07372638e+12]
 [  9.70000000e+00   1.98728326e+11   1.44826544e+12   1.24953712e+12]
 [  9.75000000e+00   2.28537575e+11   1.68264439e+12   1.45410681e+12]
 [  9.80000000e+00   2.62818211e+11   1.95495387e+12   1.69213566e+12]
 [  9.85000000e+00   3.02240943e+11   2.27133234e+12   1.96909140e+12]
 [  9.90000000e+00   3.47577084e+11   2.63891169e+12   2.29133461e+12]
 [  9.95000000e+00   3.99713647e+11   3.06597797e+12   2.66626432e+12]
 [  1.00000000e+01   4.59670693e+11   3.56215819e+12   3.10248750e+12]]
