[[  0.00000000e+00   1.00000000e+00   1.00000000e+00   0.00000000e+00]
 [  1.00000000e-01   1.11500000e+00   1.11661960e+00   1.61960253e-03]
 [  2.00000000e-01   1.26967500e+00   1.27403960e+00   4.36460013e-03]
 [  3.00000000e-01   1.47771287e+00   1.48653437e+00   8.82149539e-03]
 [  4.00000000e-01   1.75752382e+00   1.77337231e+00   1.58484907e-02]
 [  5.00000000e-01   2.13386953e+00   2.16056302e+00   2.66934897e-02]
 [  6.00000000e-01   2.64005452e+00   2.68321582e+00   4.31612986e-02]
 [  7.00000000e-01   3.32087333e+00   3.38872330e+00   6.78499710e-02]
 [  8.00000000e-01   4.23657463e+00   4.34105879e+00   1.04484160e-01]
 [  9.00000000e-01   5.46819288e+00   5.62657724e+00   1.58384360e-01]
 [  1.00000000e+00   7.12471943e+00   7.36184564e+00   2.37126215e-01]]
