[[ 0.          1.          1.          0.        ]
 [ 0.1         1.1         1.1166196   0.0166196 ]
 [ 0.2         1.23        1.2740396   0.0440396 ]
 [ 0.3         1.399       1.48653437  0.08753437]
 [ 0.4         1.6187      1.77337231  0.15467231]
 [ 0.5         1.90431     2.16056302  0.25625302]
 [ 0.6         2.275603    2.68321582  0.40761282]
 [ 0.7         2.7582839   3.3887233   0.6304394 ]
 [ 0.8         3.38576907  4.34105879  0.95528972]
 [ 0.9         4.20149979  5.62657724  1.42507745]
 [ 1.          5.26194973  7.36184564  2.09989591]]
