[[  0.00000000e+00   1.00000000e+00   1.00000000e+00   0.00000000e+00]
 [  5.00000000e-02   1.05394453e+00   1.05394475e+00   2.16326094e-07]
 [  1.00000000e-01   1.11661910e+00   1.11661960e+00   5.02669988e-07]
 [  1.50000000e-01   1.18943652e+00   1.18943740e+00   8.76028562e-07]
 [  2.00000000e-01   1.27403824e+00   1.27403960e+00   1.35706626e-06]
 [  2.50000000e-01   1.37233137e+00   1.37233334e+00   1.97085702e-06]
 [  3.00000000e-01   1.48653162e+00   1.48653437e+00   2.74777024e-06]
 [  3.50000000e-01   1.61921331e+00   1.61921704e+00   3.72452810e-06]
 [  4.00000000e-01   1.77336736e+00   1.77337231e+00   4.94546638e-06]
 [  4.50000000e-01   1.95246871e+00   1.95247518e+00   6.46403690e-06]
 [  5.00000000e-01   2.16055468e+00   2.16056302e+00   8.34459702e-06]
 [  5.50000000e-01   2.40231594e+00   2.40232661e+00   1.06645394e-05]
 [  6.00000000e-01   2.68320230e+00   2.68321582e+00   1.35168258e-05]
 [  6.50000000e-01   3.00954551e+00   3.00956253e+00   1.70129989e-05]
 [  7.00000000e-01   3.38870202e+00   3.38872330e+00   2.12867622e-05]
 [  7.50000000e-01   3.82921878e+00   3.82924528e+00   2.64982310e-05]
 [  8.00000000e-01   4.34102595e+00   4.34105879e+00   3.28389798e-05]
 [  8.50000000e-01   4.93566072e+00   4.93570126e+00   4.05380306e-05]
 [  9.00000000e-01   5.62652737e+00   5.62657724e+00   4.98689566e-05]
 [  9.50000000e-01   6.42919946e+00   6.42926061e+00   6.11583033e-05]
 [  1.00000000e+00   7.36177085e+00   7.36184564e+00   7.47955696e-05]
 [  1.05000000e+00   8.44526362e+00   8.44535486e+00   9.12450312e-05]
 [  1.10000000e+00   9.70410191e+00   9.70421297e+00   1.11059742e-04]
 [  1.15000000e+00   1.11666625e+01   1.11667974e+01   1.34898111e-04]
 [  1.20000000e+00   1.28659146e+01   1.28660781e+01   1.63543514e-04]
 [  1.25000000e+00   1.48401627e+01   1.48403607e+01   1.97927501e-04]
 [  1.30000000e+00   1.71339105e+01   1.71341497e+01   2.39157240e-04]
 [  1.35000000e+00   1.97988638e+01   1.97991523e+01   2.88547954e-04]
 [  1.40000000e+00   2.28950960e+01   2.28954437e+01   3.47661274e-04]
 [  1.45000000e+00   2.64924026e+01   2.64928210e+01   4.18350541e-04]
 [  1.50000000e+00   3.06718743e+01   3.06723771e+01   5.02814326e-04]
 [  1.55000000e+00   3.55277249e+01   3.55283285e+01   6.03659630e-04]
 [  1.60000000e+00   4.11694152e+01   4.11701392e+01   7.23976499e-04]
 [  1.65000000e+00   4.77241205e+01   4.77249880e+01   8.67426091e-04]
 [  1.70000000e+00   5.53395974e+01   5.53406358e+01   1.03834460e-03]
 [  1.75000000e+00   6.41875143e+01   6.41887562e+01   1.24186586e-03]
 [  1.80000000e+00   7.44673213e+01   7.44688054e+01   1.48406593e-03]
 [  1.85000000e+00   8.64107465e+01   8.64125186e+01   1.77213364e-03]
 [  1.90000000e+00   1.00287019e+02   1.00289134e+02   2.11457159e-03]
 [  1.95000000e+00   1.16408939e+02   1.16411460e+02   2.52143313e-03]
 [  2.00000000e+00   1.35139927e+02   1.35142931e+02   3.00460157e-03]
 [  2.05000000e+00   1.56902217e+02   1.56905796e+02   3.57811921e-03]
 [  2.10000000e+00   1.82186378e+02   1.82190637e+02   4.25857490e-03]
 [  2.15000000e+00   2.11562365e+02   2.11567431e+02   5.06556050e-03]
 [  2.20000000e+00   2.45692374e+02   2.45698396e+02   6.02220838e-03]
 [  2.25000000e+00   2.85345765e+02   2.85352921e+02   7.15582427e-03]
 [  2.30000000e+00   3.31416407e+02   3.31424905e+02   8.49863223e-03]
 [  2.35000000e+00   3.84942826e+02   3.84952914e+02   1.00886513e-02]
 [  2.40000000e+00   4.47131617e+02   4.47143588e+02   1.19707275e-02]
 [  2.45000000e+00   5.19384645e+02   5.19398843e+02   1.41977471e-02]
 [  2.50000000e+00   6.03330639e+02   6.03347471e+02   1.68320655e-02]
 [  2.55000000e+00   7.00861916e+02   7.00881863e+02   1.99471859e-02]
 [  2.60000000e+00   8.14177029e+02   8.14200659e+02   2.36297351e-02]
 [  2.65000000e+00   9.45830335e+02   9.45858317e+02   2.79817860e-02]
 [  2.70000000e+00   1.09878957e+03   1.09882269e+03   3.31235878e-02]
 [  2.75000000e+00   1.27650274e+03   1.27654194e+03   3.91967765e-02]
 [  2.80000000e+00   1.48297588e+03   1.48302225e+03   4.63681470e-02]
 [  2.85000000e+00   1.72286331e+03   1.72291814e+03   5.48340875e-02]
 [  2.90000000e+00   2.00157258e+03   2.00163741e+03   6.48257887e-02]
 [  2.95000000e+00   2.32538637e+03   2.32546299e+03   7.66153656e-02]
 [  3.00000000e+00   2.70160412e+03   2.70169464e+03   9.05230479e-02]
 [  3.05000000e+00   3.13870653e+03   3.13881346e+03   1.06925627e-01]
 [  3.10000000e+00   3.64654680e+03   3.64667307e+03   1.26266374e-01]
 [  3.15000000e+00   4.23657269e+03   4.23672175e+03   1.49066694e-01]
 [  3.20000000e+00   4.92208458e+03   4.92226052e+03   1.75939801e-01]
 [  3.25000000e+00   5.71853533e+03   5.71874294e+03   2.07606779e-01]
 [  3.30000000e+00   6.64387856e+03   6.64412348e+03   2.44915437e-01]
 [  3.35000000e+00   7.71897342e+03   7.71926228e+03   2.88862441e-01]
 [  3.40000000e+00   8.96805474e+03   8.96839536e+03   3.40619289e-01]
 [  3.45000000e+00   1.04192794e+04   1.04196809e+04   4.01562794e-01]
 [  3.50000000e+00   1.21053609e+04   1.21058342e+04   4.73310858e-01]
 [  3.55000000e+00   1.40643071e+04   1.40648648e+04   5.57764446e-01]
 [  3.60000000e+00   1.63402766e+04   1.63409337e+04   6.57156830e-01]
 [  3.65000000e+00   1.89845743e+04   1.89853485e+04   7.74111360e-01]
 [  3.70000000e+00   2.20568083e+04   2.20577201e+04   9.11709230e-01]
 [  3.75000000e+00   2.56262330e+04   2.56273066e+04   1.07356896e+00]
 [  3.80000000e+00   2.97733105e+04   2.97745745e+04   1.26393962e+00]
 [  3.85000000e+00   3.45915245e+04   3.45930123e+04   1.48781013e+00]
 [  3.90000000e+00   4.01894873e+04   4.01912383e+04   1.75103747e+00]
 [  3.95000000e+00   4.66933886e+04   4.66954491e+04   2.06049696e+00]
 [  4.00000000e+00   5.42498395e+04   5.42522638e+04   2.42425849e+00]
 [  4.05000000e+00   6.30291782e+04   6.30320299e+04   2.85179306e+00]
 [  4.10000000e+00   7.32293087e+04   7.32326629e+04   3.35421496e+00]
 [  4.15000000e+00   8.50801630e+04   8.50841075e+04   3.94456560e+00]
 [  4.20000000e+00   9.88488836e+04   9.88535218e+04   4.63814613e+00]
 [  4.25000000e+00   1.14845846e+05   1.14851299e+05   5.45290735e+00]
 [  4.30000000e+00   1.33431654e+05   1.33438064e+05   6.40990651e+00]
 [  4.35000000e+00   1.55025270e+05   1.55032804e+05   7.53384268e+00]
 [  4.40000000e+00   1.80113459e+05   1.80122312e+05   8.85368401e+00]
 [  4.45000000e+00   2.09261759e+05   2.09272163e+05   1.04034025e+01]
 [  4.50000000e+00   2.43127234e+05   2.43139457e+05   1.22228352e+01]
 [  4.55000000e+00   2.82473280e+05   2.82487639e+05   1.43586924e+01]
 [  4.60000000e+00   3.28186838e+05   3.28203704e+05   1.68657391e+01]
 [  4.65000000e+00   3.81298386e+05   3.81318194e+05   1.98081789e+01]
 [  4.70000000e+00   4.43005166e+05   4.43028427e+05   2.32612744e+01]
 [  4.75000000e+00   5.14698176e+05   5.14725489e+05   2.73132455e+01]
 [  4.80000000e+00   5.97993523e+05   5.98025591e+05   3.20674914e+01]
 [  4.85000000e+00   6.94768856e+05   6.94806502e+05   3.76451939e+01]
 [  4.90000000e+00   8.07205689e+05   8.07249878e+05   4.41883649e+01]
 [  4.95000000e+00   9.37838579e+05   9.37890443e+05   5.18634140e+01]
 [  5.00000000e+00   1.08961226e+06   1.08967312e+06   6.08653267e+01]
 [  5.05000000e+00   1.26594802e+06   1.26601944e+06   7.14225550e+01]
 [  5.10000000e+00   1.47082083e+06   1.47090463e+06   8.38027425e+01]
 [  5.15000000e+00   1.70884894e+06   1.70894726e+06   9.83194262e+01]
 [  5.20000000e+00   1.98539800e+06   1.98551334e+06   1.15339882e+02]
 [  5.25000000e+00   2.30670198e+06   2.30683728e+06   1.35294304e+02]
 [  5.30000000e+00   2.68000375e+06   2.68016243e+06   1.58686554e+02]
 [  5.35000000e+00   3.11371828e+06   3.11390438e+06   1.86106736e+02]
 [  5.40000000e+00   3.61762239e+06   3.61784063e+06   2.18245914e+02]
 [  5.45000000e+00   4.20307511e+06   4.20333102e+06   2.55913334e+02]
 [  5.50000000e+00   4.88327375e+06   4.88357381e+06   3.00056578e+02]
 [  5.55000000e+00   5.67355139e+06   5.67390317e+06   3.51785146e+02]
 [  5.60000000e+00   6.59172249e+06   6.59213489e+06   4.12398040e+02]
 [  5.65000000e+00   7.65848452e+06   7.65896794e+06   4.83416048e+02]
 [  5.70000000e+00   8.89788448e+06   8.89845110e+06   5.66619508e+02]
 [  5.75000000e+00   1.03378610e+07   1.03385251e+07   6.64092481e+02]
 [  5.80000000e+00   1.20108741e+07   1.20116524e+07   7.78274431e+02]
 [  5.85000000e+00   1.39546369e+07   1.39555489e+07   9.12020680e+02]
 [  5.90000000e+00   1.62129658e+07   1.62140345e+07   1.06867311e+03]
 [  5.95000000e+00   1.88367682e+07   1.88380204e+07   1.25214288e+03]
 [  6.00000000e+00   2.18851900e+07   2.18866570e+07   1.46700713e+03]
 [  6.05000000e+00   2.54269489e+07   2.54286675e+07   1.71862213e+03]
 [  6.10000000e+00   2.95418833e+07   2.95438965e+07   2.01325557e+03]
 [  6.15000000e+00   3.43227523e+07   3.43251106e+07   2.35824131e+03]
 [  6.20000000e+00   3.98773266e+07   3.98800887e+07   2.76216022e+03]
 [  6.25000000e+00   4.63308175e+07   4.63340526e+07   3.23505185e+03]
 [  6.30000000e+00   5.38287001e+07   5.38324888e+07   3.78866171e+03]
 [  6.35000000e+00   6.25399920e+07   6.25444287e+07   4.43673056e+03]
 [  6.40000000e+00   7.26610636e+07   7.26662589e+07   5.19533259e+03]
 [  6.45000000e+00   8.44200645e+07   8.44261478e+07   6.08327076e+03]
 [  6.50000000e+00   9.80820668e+07   9.80891893e+07   7.12253906e+03]
 [  6.55000000e+00   1.13955040e+08   1.13963379e+08   8.33886291e+03]
 [  6.60000000e+00   1.32396794e+08   1.32406556e+08   9.76233082e+03]
 [  6.65000000e+00   1.53823042e+08   1.53834471e+08   1.14281329e+04]
 [  6.70000000e+00   1.78716778e+08   1.78730155e+08   1.33774239e+04]
 [  6.75000000e+00   2.07639156e+08   2.07654815e+08   1.56583325e+04]
 [  6.80000000e+00   2.41242147e+08   2.41260474e+08   1.83271402e+04]
 [  6.85000000e+00   2.80283231e+08   2.80304680e+08   2.14496599e+04]
 [  6.90000000e+00   3.25642473e+08   3.25667576e+08   2.51028472e+04]
 [  6.95000000e+00   3.78342365e+08   3.78371741e+08   2.93766823e+04]
 [  7.00000000e+00   4.39570869e+08   4.39605245e+08   3.43763714e+04]
 [  7.05000000e+00   5.10708202e+08   5.10748427e+08   4.02249174e+04]
 [  7.10000000e+00   5.93357946e+08   5.93405012e+08   4.70661250e+04]
 [  7.15000000e+00   6.89383195e+08   6.89438263e+08   5.50681121e+04]
 [  7.20000000e+00   8.00948555e+08   8.01012982e+08   6.44274130e+04]
 [  7.25000000e+00   9.30568937e+08   9.30644311e+08   7.53737728e+04]
 [  7.30000000e+00   1.08116625e+09   1.08125443e+09   8.81757493e+04]
 [  7.35000000e+00   1.25613527e+09   1.25623842e+09   1.03147258e+05]
 [  7.40000000e+00   1.45942016e+09   1.45954081e+09   1.20655221e+05]
 [  7.45000000e+00   1.69560337e+09   1.69574450e+09   1.41128500e+05]
 [  7.50000000e+00   1.97000895e+09   1.97017402e+09   1.65068333e+05]
 [  7.55000000e+00   2.28882258e+09   2.28901564e+09   1.93060535e+05]
 [  7.60000000e+00   2.65923097e+09   2.65945676e+09   2.25789737e+05]
 [  7.65000000e+00   3.08958387e+09   3.08984793e+09   2.64056031e+05]
 [  7.70000000e+00   3.58958233e+09   3.58989112e+09   3.08794412e+05]
 [  7.75000000e+00   4.17049734e+09   4.17085844e+09   3.61097482e+05]
 [  7.80000000e+00   4.84542391e+09   4.84584615e+09   4.22241982e+05]
 [  7.85000000e+00   5.62957627e+09   5.63006999e+09   4.93719768e+05]
 [  7.90000000e+00   6.54063083e+09   6.54120811e+09   5.77274006e+05]
 [  7.95000000e+00   7.59912463e+09   7.59979957e+09   6.74941435e+05]
 [  8.00000000e+00   8.82891828e+09   8.82970738e+09   7.89101738e+05]
 [  8.05000000e+00   1.02577338e+10   1.02586564e+10   9.22535196e+05]
 [  8.10000000e+00   1.19177798e+10   1.19188583e+10   1.07849003e+06]
 [  8.15000000e+00   1.38464769e+10   1.38477377e+10   1.26076102e+06]
 [  8.20000000e+00   1.60873020e+10   1.60887758e+10   1.47378139e+06]
 [  8.25000000e+00   1.86907679e+10   1.86924907e+10   1.72273000e+06]
 [  8.30000000e+00   2.17155621e+10   2.17175757e+10   2.01365661e+06]
 [  8.35000000e+00   2.52298695e+10   2.52322232e+10   2.35362813e+06]
 [  8.40000000e+00   2.93129100e+10   2.93156609e+10   2.75089939e+06]
 [  8.45000000e+00   3.40567236e+10   3.40599387e+10   3.21511255e+06]
 [  8.50000000e+00   3.95682455e+10   3.95720030e+10   3.75752993e+06]
 [  8.55000000e+00   4.59717169e+10   4.59761082e+10   4.39130587e+06]
 [  8.60000000e+00   5.34114850e+10   5.34166168e+10   5.13180418e+06]
 [  8.65000000e+00   6.20552576e+10   6.20612546e+10   5.99696872e+06]
 [  8.70000000e+00   7.20978830e+10   7.21048907e+10   7.00775612e+06]
 [  8.75000000e+00   8.37657425e+10   8.37739311e+10   8.18864099e+06]
 [  8.80000000e+00   9.73218536e+10   9.73314218e+10   9.56820565e+06]
 [  8.85000000e+00   1.13071799e+11   1.13082979e+11   1.11798287e+07]
 [  8.90000000e+00   1.31370614e+11   1.31383677e+11   1.30624890e+07]
 [  8.95000000e+00   1.52630793e+11   1.52646055e+11   1.52617037e+07]
 [  9.00000000e+00   1.77331583e+11   1.77349414e+11   1.78306240e+07]
 [  9.05000000e+00   2.06029790e+11   2.06050622e+11   2.08313139e+07]
 [  9.10000000e+00   2.39372332e+11   2.39396668e+11   2.43362427e+07]
 [  9.15000000e+00   2.78110816e+11   2.78139246e+11   2.84300275e+07]
 [  9.20000000e+00   3.23118489e+11   3.23151701e+11   3.32114673e+07]
 [  9.25000000e+00   3.75409915e+11   3.75448711e+11   3.87959169e+07]
 [  9.30000000e+00   4.36163851e+11   4.36209169e+11   4.53180576e+07]
 [  9.35000000e+00   5.06749815e+11   5.06802750e+11   5.29351320e+07]
 [  9.40000000e+00   5.88758958e+11   5.88820789e+11   6.18307186e+07]
 [  9.45000000e+00   6.84039936e+11   6.84112156e+11   7.22191380e+07]
 [  9.50000000e+00   7.94740578e+11   7.94824928e+11   8.43505945e+07]
 [  9.55000000e+00   9.23356301e+11   9.23454819e+11   9.85171785e+07]
 [  9.60000000e+00   1.07278637e+12   1.07290143e+12   1.15059870e+08]
 [  9.65000000e+00   1.24639924e+12   1.24653362e+12   1.34376712e+08]
 [  9.70000000e+00   1.44810851e+12   1.44826544e+12   1.56932351e+08]
 [  9.75000000e+00   1.68246112e+12   1.68264439e+12   1.83269170e+08]
 [  9.80000000e+00   1.95473985e+12   1.95495387e+12   2.14020278e+08]
 [  9.85000000e+00   2.27108242e+12   2.27133234e+12   2.49924672e+08]
 [  9.90000000e+00   2.63861985e+12   2.63891169e+12   2.91844925e+08]
 [  9.95000000e+00   3.06563718e+12   3.06597797e+12   3.40787834e+08]
 [  1.00000000e+01   3.56176027e+12   3.56215819e+12   3.97928507e+08]]
