[[  0.00000000e+00   1.00000000e+00   1.00000000e+00   0.00000000e+00]
 [  5.00000000e-02   1.05394453e+00   1.05394475e+00   2.16326094e-07]
 [  1.00000000e-01   1.11661910e+00   1.11661960e+00   5.02669988e-07]
 [  1.50000000e-01   1.18943652e+00   1.18943740e+00   8.76028562e-07]
 [  2.00000000e-01   1.27403824e+00   1.27403960e+00   1.35706626e-06]
 [  2.50000000e-01   1.37233137e+00   1.37233334e+00   1.97085702e-06]
 [  3.00000000e-01   1.48653162e+00   1.48653437e+00   2.74777024e-06]
 [  3.50000000e-01   1.61921331e+00   1.61921704e+00   3.72452810e-06]
 [  4.00000000e-01   1.77336736e+00   1.77337231e+00   4.94546638e-06]
 [  4.50000000e-01   1.95246871e+00   1.95247518e+00   6.46403690e-06]
 [  5.00000000e-01   2.16055468e+00   2.16056302e+00   8.34459702e-06]
 [  5.50000000e-01   2.40231594e+00   2.40232661e+00   1.06645394e-05]
 [  6.00000000e-01   2.68320230e+00   2.68321582e+00   1.35168258e-05]
 [  6.50000000e-01   3.00954551e+00   3.00956253e+00   1.70129989e-05]
 [  7.00000000e-01   3.38870202e+00   3.38872330e+00   2.12867622e-05]
 [  7.50000000e-01   3.82921878e+00   3.82924528e+00   2.64982310e-05]
 [  8.00000000e-01   4.34102595e+00   4.34105879e+00   3.28389798e-05]
 [  8.50000000e-01   4.93566072e+00   4.93570126e+00   4.05380306e-05]
 [  9.00000000e-01   5.62652737e+00   5.62657724e+00   4.98689566e-05]
 [  9.50000000e-01   6.42919946e+00   6.42926061e+00   6.11583033e-05]
 [  1.00000000e+00   7.36177085e+00   7.36184564e+00   7.47955696e-05]]
