[[  0.00000000e+00   1.00000000e+00   1.00000000e+00   0.00000000e+00]
 [  1.00000000e-01   1.11661250e+00   1.11661960e+00   7.10252533e-06]
 [  2.00000000e-01   1.27402043e+00   1.27403960e+00   1.91746614e-05]
 [  3.00000000e-01   1.48649555e+00   1.48653437e+00   3.88243220e-05]
 [  4.00000000e-01   1.77330243e+00   1.77337231e+00   6.98759191e-05]
 [  5.00000000e-01   2.16044512e+00   2.16056302e+00   1.17902351e-04]
 [  6.00000000e-01   2.68302484e+00   2.68321582e+00   1.90980324e-04]
 [  7.00000000e-01   3.38842254e+00   3.38872330e+00   3.00760178e-04]
 [  8.00000000e-01   4.34059482e+00   4.34105879e+00   4.63977795e-04]
 [  9.00000000e-01   5.62587265e+00   5.62657724e+00   7.04587017e-04]
 [  1.00000000e+00   7.36078888e+00   7.36184564e+00   1.05676165e-03]]
